Apriori 11m51 s
FP-tree 0.588912 s
39 (50675)
48 (42135)
39 48 (29142)
38 (15596)
38 39 (10345)
38 48 (7944)
38 39 48 (6102)
32 (15167)
32 39 (8455)
32 48 (8034)
32 39 48 (5402)
32 38 (2833)
32 38 39 (1840)
32 38 48 (1646)
32 38 39 48 (1236)
41 (14945)
39 41 (11414)
41 48 (9018)
39 41 48 (7366)
38 41 (3897)
38 39 41 (3051)
38 41 48 (2374)
38 39 41 48 (1991)
32 41 (3196)
32 39 41 (2359)
32 41 48 (2063)
32 39 41 48 (1646)
65 (4472)
39 65 (2787)
48 65 (2529)
39 48 65 (1797)
41 65 (995)
89 (3837)
39 89 (2749)
48 89 (2798)
39 48 89 (2125)
225 (3257)
39 225 (2351)
48 225 (1736)
39 48 225 (1400)
170 (3099)
39 170 (2059)
48 170 (1557)
39 48 170 (1206)
38 170 (3031)
38 39 170 (2019)
38 48 170 (1538)
38 39 48 170 (1193)
237 (3032)
39 237 (1929)
48 237 (1682)
39 48 237 (1244)
36 (2936)
36 39 (2037)
36 48 (1416)
36 39 48 (1116)
36 38 (2790)
36 38 39 (1945)
36 38 48 (1360)
36 38 39 48 (1080)
110 (2794)
39 110 (1759)
48 110 (1380)
39 48 110 (1037)
38 110 (2725)
38 39 110 (1740)
38 48 110 (1361)
38 39 48 110 (1031)
310 (2594)
39 310 (1852)
48 310 (1692)
39 48 310 (1347)
101 (2237)
39 101 (1400)
48 101 (1311)
39 48 101 (946)
475 (2167)
39 475 (1500)
48 475 (1428)
39 48 475 (1092)
271 (2094)
39 271 (1434)
48 271 (1090)
413 (1880)
39 413 (1130)
48 413 (1135)
438 (1863)
39 438 (1260)
48 438 (1025)
1327 (1786)
39 1327 (1156)
48 1327 (968)
147 (1779)
39 147 (1137)
48 147 (1036)
270 (1734)
39 270 (1194)
48 270 (957)
2238 (1715)
39 2238 (1287)
48 2238 (955)
79 (1600)
39 79 (1111)
48 79 (893)
60 (1489)
39 60 (983)
533 (1487)
39 533 (922)
255 (1474)
39 255 (1057)
48 255 (1057)
12925 (1467)
39 12925 (938)
1146 (1426)
39 1146 (983)
185 (1376)
9 (1372)
16010 (1316)
123 (1302)
14098 (1291)
338 (1274)
592 (1227)
824 (1210)
604 (1209)
301 (1204)
286 (1183)
38 286 (1116)
740 (1181)
16217 (1166)
1393 (1161)
249 (1160)
15832 (1143)
548 (1137)
201 (1133)
49 (1120)
589 (1119)
677 (1110)
1004 (1102)
37 (1074)
37 38 (1046)
78 (1060)
13041 (1051)
117 (1026)
161 (1010)
19 (1005)
179 (998)
258 (987)
522 (974)
175 (970)
783 (965)
3270 (950)
479 (926)
31 (920)
45 (911)
242 (911)
956 (911)
2958 (904)
264 (895)
10515 (882)

Apriori 13.947 s
FP-tree 0.51462s s
39 (50675)
48 (42135)
39 48 (29142)
38 (15596)
38 39 (10345)
38 48 (7944)
38 39 48 (6102)
32 (15167)
32 39 (8455)
32 48 (8034)
32 39 48 (5402)
41 (14945)
39 41 (11414)
41 48 (9018)
39 41 48 (7366)
65 (4472)

10%
Apriori 7.8 s
FP-tree 0.43 s
39 (50675)
48 (42135)
39 48 (29142)
38 (15596)
38 39 (10345)
32 (15167)
41 (14945)
39 41 (11414)
41 48 (9018)

25%
Apriori 5.45s
FP-Tree 0.415091s
39 (50675)
48 (42135)
39 48 (29142)

Apriori 3.396s
FP-Tree 0.409492s
39 (50675)